{
 "cells": [
  {
   "cell_type": "code",
   "execution_count": 3,
   "metadata": {},
   "outputs": [
    {
     "data": {
      "text/html": [
       "<div>\n",
       "<style scoped>\n",
       "    .dataframe tbody tr th:only-of-type {\n",
       "        vertical-align: middle;\n",
       "    }\n",
       "\n",
       "    .dataframe tbody tr th {\n",
       "        vertical-align: top;\n",
       "    }\n",
       "\n",
       "    .dataframe thead th {\n",
       "        text-align: right;\n",
       "    }\n",
       "</style>\n",
       "<table border=\"1\" class=\"dataframe\">\n",
       "  <thead>\n",
       "    <tr style=\"text-align: right;\">\n",
       "      <th></th>\n",
       "      <th>age</th>\n",
       "      <th>interest</th>\n",
       "      <th>success</th>\n",
       "      <th>extra</th>\n",
       "    </tr>\n",
       "  </thead>\n",
       "  <tbody>\n",
       "    <tr>\n",
       "      <td>0</td>\n",
       "      <td>23.657801</td>\n",
       "      <td>18.859917</td>\n",
       "      <td>0.0</td>\n",
       "      <td>7.454709</td>\n",
       "    </tr>\n",
       "    <tr>\n",
       "      <td>1</td>\n",
       "      <td>22.573729</td>\n",
       "      <td>17.969223</td>\n",
       "      <td>0.0</td>\n",
       "      <td>0.915403</td>\n",
       "    </tr>\n",
       "    <tr>\n",
       "      <td>2</td>\n",
       "      <td>32.553424</td>\n",
       "      <td>29.463651</td>\n",
       "      <td>0.0</td>\n",
       "      <td>-6.168842</td>\n",
       "    </tr>\n",
       "    <tr>\n",
       "      <td>3</td>\n",
       "      <td>6.718035</td>\n",
       "      <td>25.704665</td>\n",
       "      <td>1.0</td>\n",
       "      <td>-25.927217</td>\n",
       "    </tr>\n",
       "    <tr>\n",
       "      <td>4</td>\n",
       "      <td>14.401919</td>\n",
       "      <td>16.770856</td>\n",
       "      <td>0.0</td>\n",
       "      <td>-20.214035</td>\n",
       "    </tr>\n",
       "  </tbody>\n",
       "</table>\n",
       "</div>"
      ],
      "text/plain": [
       "         age   interest  success      extra\n",
       "0  23.657801  18.859917      0.0   7.454709\n",
       "1  22.573729  17.969223      0.0   0.915403\n",
       "2  32.553424  29.463651      0.0  -6.168842\n",
       "3   6.718035  25.704665      1.0 -25.927217\n",
       "4  14.401919  16.770856      0.0 -20.214035"
      ]
     },
     "execution_count": 3,
     "metadata": {},
     "output_type": "execute_result"
    }
   ],
   "source": [
    "import pandas as pd\n",
    "import numpy as np\n",
    "\n",
    "df = pd.read_csv(\"classification.csv\")\n",
    "\n",
    "#Zufallszahlen generieren\n",
    "df[\"extra\"] = np.random.normal(5, 16, len(df))\n",
    "\n",
    "df.head()"
   ]
  },
  {
   "cell_type": "code",
   "execution_count": 4,
   "metadata": {},
   "outputs": [
    {
     "data": {
      "text/html": [
       "<div>\n",
       "<style scoped>\n",
       "    .dataframe tbody tr th:only-of-type {\n",
       "        vertical-align: middle;\n",
       "    }\n",
       "\n",
       "    .dataframe tbody tr th {\n",
       "        vertical-align: top;\n",
       "    }\n",
       "\n",
       "    .dataframe thead th {\n",
       "        text-align: right;\n",
       "    }\n",
       "</style>\n",
       "<table border=\"1\" class=\"dataframe\">\n",
       "  <thead>\n",
       "    <tr style=\"text-align: right;\">\n",
       "      <th></th>\n",
       "      <th>age</th>\n",
       "      <th>interest</th>\n",
       "      <th>success</th>\n",
       "      <th>extra</th>\n",
       "    </tr>\n",
       "  </thead>\n",
       "  <tbody>\n",
       "    <tr>\n",
       "      <td>age</td>\n",
       "      <td>78.570491</td>\n",
       "      <td>27.806832</td>\n",
       "      <td>0.762027</td>\n",
       "      <td>-0.149653</td>\n",
       "    </tr>\n",
       "    <tr>\n",
       "      <td>interest</td>\n",
       "      <td>27.806832</td>\n",
       "      <td>482.085576</td>\n",
       "      <td>8.285170</td>\n",
       "      <td>-16.041465</td>\n",
       "    </tr>\n",
       "    <tr>\n",
       "      <td>success</td>\n",
       "      <td>0.762027</td>\n",
       "      <td>8.285170</td>\n",
       "      <td>0.246064</td>\n",
       "      <td>-0.370059</td>\n",
       "    </tr>\n",
       "    <tr>\n",
       "      <td>extra</td>\n",
       "      <td>-0.149653</td>\n",
       "      <td>-16.041465</td>\n",
       "      <td>-0.370059</td>\n",
       "      <td>261.166624</td>\n",
       "    </tr>\n",
       "  </tbody>\n",
       "</table>\n",
       "</div>"
      ],
      "text/plain": [
       "                age    interest   success       extra\n",
       "age       78.570491   27.806832  0.762027   -0.149653\n",
       "interest  27.806832  482.085576  8.285170  -16.041465\n",
       "success    0.762027    8.285170  0.246064   -0.370059\n",
       "extra     -0.149653  -16.041465 -0.370059  261.166624"
      ]
     },
     "execution_count": 4,
     "metadata": {},
     "output_type": "execute_result"
    }
   ],
   "source": [
    "df.cov()"
   ]
  },
  {
   "cell_type": "code",
   "execution_count": 5,
   "metadata": {},
   "outputs": [
    {
     "data": {
      "text/html": [
       "<div>\n",
       "<style scoped>\n",
       "    .dataframe tbody tr th:only-of-type {\n",
       "        vertical-align: middle;\n",
       "    }\n",
       "\n",
       "    .dataframe tbody tr th {\n",
       "        vertical-align: top;\n",
       "    }\n",
       "\n",
       "    .dataframe thead th {\n",
       "        text-align: right;\n",
       "    }\n",
       "</style>\n",
       "<table border=\"1\" class=\"dataframe\">\n",
       "  <thead>\n",
       "    <tr style=\"text-align: right;\">\n",
       "      <th></th>\n",
       "      <th>age</th>\n",
       "      <th>interest</th>\n",
       "      <th>success</th>\n",
       "      <th>extra</th>\n",
       "    </tr>\n",
       "  </thead>\n",
       "  <tbody>\n",
       "    <tr>\n",
       "      <td>age</td>\n",
       "      <td>1.000000</td>\n",
       "      <td>0.142876</td>\n",
       "      <td>0.173307</td>\n",
       "      <td>-0.001045</td>\n",
       "    </tr>\n",
       "    <tr>\n",
       "      <td>interest</td>\n",
       "      <td>0.142876</td>\n",
       "      <td>1.000000</td>\n",
       "      <td>0.760703</td>\n",
       "      <td>-0.045209</td>\n",
       "    </tr>\n",
       "    <tr>\n",
       "      <td>success</td>\n",
       "      <td>0.173307</td>\n",
       "      <td>0.760703</td>\n",
       "      <td>1.000000</td>\n",
       "      <td>-0.046162</td>\n",
       "    </tr>\n",
       "    <tr>\n",
       "      <td>extra</td>\n",
       "      <td>-0.001045</td>\n",
       "      <td>-0.045209</td>\n",
       "      <td>-0.046162</td>\n",
       "      <td>1.000000</td>\n",
       "    </tr>\n",
       "  </tbody>\n",
       "</table>\n",
       "</div>"
      ],
      "text/plain": [
       "               age  interest   success     extra\n",
       "age       1.000000  0.142876  0.173307 -0.001045\n",
       "interest  0.142876  1.000000  0.760703 -0.045209\n",
       "success   0.173307  0.760703  1.000000 -0.046162\n",
       "extra    -0.001045 -0.045209 -0.046162  1.000000"
      ]
     },
     "execution_count": 5,
     "metadata": {},
     "output_type": "execute_result"
    }
   ],
   "source": [
    "df.corr()"
   ]
  },
  {
   "cell_type": "code",
   "execution_count": 6,
   "metadata": {},
   "outputs": [],
   "source": [
    "x = [1, 2, 3, 4, 5, 6, 7]\n",
    "y = [1, 1, 0, 0, 0, 1, 1]"
   ]
  },
  {
   "cell_type": "code",
   "execution_count": 7,
   "metadata": {},
   "outputs": [
    {
     "data": {
      "text/plain": [
       "array([[ 4.66666667e+00, -3.70074342e-17],\n",
       "       [-3.70074342e-17,  2.85714286e-01]])"
      ]
     },
     "execution_count": 7,
     "metadata": {},
     "output_type": "execute_result"
    }
   ],
   "source": [
    "np.cov(x, y)"
   ]
  },
  {
   "cell_type": "code",
   "execution_count": 8,
   "metadata": {},
   "outputs": [
    {
     "data": {
      "text/plain": [
       "array([[ 1.00000000e+00, -3.20493781e-17],\n",
       "       [-3.20493781e-17,  1.00000000e+00]])"
      ]
     },
     "execution_count": 8,
     "metadata": {},
     "output_type": "execute_result"
    }
   ],
   "source": [
    "np.corrcoef(x,y)"
   ]
  },
  {
   "cell_type": "markdown",
   "metadata": {},
   "source": [
    "Kovarianz und Korrelation, zeigen nur lineare Zusammenhänge an\n",
    "\n"
   ]
  },
  {
   "cell_type": "code",
   "execution_count": null,
   "metadata": {},
   "outputs": [],
   "source": []
  }
 ],
 "metadata": {
  "kernelspec": {
   "display_name": "Python 3",
   "language": "python",
   "name": "python3"
  },
  "language_info": {
   "codemirror_mode": {
    "name": "ipython",
    "version": 3
   },
   "file_extension": ".py",
   "mimetype": "text/x-python",
   "name": "python",
   "nbconvert_exporter": "python",
   "pygments_lexer": "ipython3",
   "version": "3.7.4"
  }
 },
 "nbformat": 4,
 "nbformat_minor": 2
}
